camera_name: caml
image_width: 1280
image_height: 720
camera_matrix:
  rows: 3
  cols: 3
  data: [672.106028, 0.000000, 647.806898, 0.000000, 676.985426, 327.266727, 0.000000, 0.000000, 1.000000]
distortion_model: plumb_bob
distortion_coefficients:
  rows: 1
  cols: 5
  data: [-0.301687, 0.064733, 0.001619, -0.002541, 0.000000]
rectification_matrix:
  # rectification matrix - rotation of -27 degrees (to the left)
  rows: 3
  cols: 3
  data: [0.89100652, 0., -0.4539905, 0.0, 1.0, 0.0, 0.4539905, 0.000000, 0.89100652]
projection_matrix:
  rows: 3
  cols: 4
  data: [448.719818, 0.000000, 637.662423, 0.000000, 0.000000, 609.652222, 320.712003, 0.000000, 0.000000, 0.000000, 1.000000, 0.000000]