image_width: 640
image_height: 360
camera_name: caml
camera_matrix:
  rows: 3
  cols: 3
  data: [339.5929335036774, 0.0, 302.3151446150193, 0.0, 338.1646422931829, 164.24615236157783, 0.0, 0.0, 1.0]
distortion_model: plumb_bob
distortion_coefficients:
  rows: 1
  cols: 5
  data: [-0.31355715866352996, 0.07348274729264032, 0.0013916779653480483, 0.0010994248771950602, 0.0]
rectification_matrix:
  rows: 3
  cols: 3
  data: [0.891007, 0, -0.45399, 0, 1, 0, 0.45399, 0, 0.891007]
projection_matrix:
  rows: 3
  cols: 4
  data: [226.36491333007814, 0.0, 305.24011509786783, 0.0, 0.0, 230.4342169189453, 165.981399053167, 0.0, 0.0, 0.0, 1.0, 0.0]