# current calibration is from 1280x720 res, downscaled appropriately
# commented out calibration is from 640x360
camera_name: caml
image_width: 640
image_height: 360
camera_matrix:
  rows: 3
  cols: 3
  # data: [337.035583, 0.000000, 311.037112, 0.000000, 338.954408, 163.781840, 0.000000, 0.000000, 1.000000]
  data: [336.053014, 0.0, 323.903449, 0.0, 338.492713, 163.6333635, 0.0, 0.0, 1.0]
distortion_model: plumb_bob
distortion_coefficients:
  rows: 1
  cols: 5
  # data: [-0.316511, 0.073440, 0.001488, 0.000318, 0.000000]
  data: [-0.301687, 0.064733, 0.001619, -0.002541, 0.000000]
rectification_matrix:
  # rectification matrix - rotation of -27 degrees (to the left)
  rows: 3
  cols: 3
  data: [0.89100652, 0., -0.4539905, 0.0, 1.0, 0.0, 0.4539905, 0.000000, 0.89100652]
projection_matrix:
  rows: 3
  cols: 4
  # data: [230.635147, 0.000000, 314.610582, 0.000000, 0.000000, 303.434326, 160.263856, 0.000000, 0.000000, 0.000000, 1.000000, 0.000000]
  data: [224.359909, 0.0, 318.8312115, 0.0, 0.0, 304.826111, 160.3560015, 0.0, 0.0, 0.0, 1.0, 0.0]