camera_matrix:
  cols: 3
  data: [421.8457462857705, 0.0, 307.19951192683885, 0.0, 420.2160629941844, 139.56714513486457, 0.0, 0.0, 1.0]
  rows: 3
camera_name: camr
distortion_coefficients:
  cols: 5
  data: [-0.38126443041527774, 0.1004896256759518, 0.01632508148069258, 0.003089452847769042, 0.0]
  rows: 1
distortion_model: plumb_bob
image_height: 360
image_width: 640
projection_matrix:
  cols: 4
  data: [292.8739013671875, 0.0, 303.7907284468529, 0.0, 0.0, 387.39208984375, 137.46276735964057, 0.0, 0.0, 0.0, 1.0, 0.0]
  rows: 3
rectification_matrix:
  cols: 3
  data: [0.891007, 0, 0.45399, 0, 1, 0, -0.45399, 0, 0.891007]
  rows: 3
