# current calibration is from 1280x720 res, downscaled appropriately
# commented out calibration is from 640x360
camera_name: camr
image_width: 640
image_height: 360
camera_matrix:
  rows: 3
  cols: 3
  # data: [340.96278597541607, 0.0, 332.94304430949916, 0.0, 340.3182245196939, 164.3908027068051, 0.0, 0.0, 1.0]
  data: [347.133779, 0.0, 304.364703, 0.0, 348.619673, 168.1563435, 0.0, 0.0, 1.0]
distortion_model: plumb_bob
distortion_coefficients:
  rows: 1
  cols: 5
  data: [-0.31141759181330947, 0.07165720448804236, -0.00012598987867481573, -0.0024375466462772046, 0.0]
projection_matrix:
  rows: 3
  cols: 4
  # data: [231.842041015625, 0.0, 325.3242136997869, 0.0, 0.0, 305.4070129394531, 160.44907980982498, 0.0, 0.0, 0.0, 1.0, 0.0]
  data: [226.9199675, 0.0, 303.370575, 0.0, 0.0, 316.8089295, 165.086919, 0.0, 0.0, 0.0, 1.0, 0.0]
rectification_matrix:
  # rectification matrix - rotation of 27 degrees (to the right)
  rows: 3
  cols: 3
  data: [0.89100652, 0., 0.4539905, 0.0, 1.0, 0.0, -0.4539905, 0.000000, 0.89100652]
