camera_name: camr
image_width: 1280
image_height: 720
camera_matrix:
  rows: 3
  cols: 3
  data: [694.267558, 0.000000, 608.729406, 0.000000, 697.239346, 336.312687, 0.000000, 0.000000, 1.000000]
distortion_model: plumb_bob
distortion_coefficients:
  rows: 1
  cols: 5
  data: [-0.294749, 0.058659, -0.001108, 0.002331, 0.000000]
rectification_matrix:
  # rectification matrix - rotation of 27 degrees (to the right)
  rows: 3
  cols: 3
  data: [0.89100652, 0., 0.4539905, 0.0, 1.0, 0.0, -0.4539905, 0.000000, 0.89100652]
projection_matrix:
  rows: 3
  cols: 4
  data: [453.839935, 0.000000, 606.741150, 0.000000, 0.000000, 633.617859, 330.173838, 0.000000, 0.000000, 0.000000, 1.000000, 0.000000]